-1.365790226759584780e-01 9.129325489688557005e-02 -8.506346928379156236e-02 -1.385902307302453174e-01 -7.866801793592259617e-02 -2.189885237676425164e-02 1.601753273339460715e-01 -2.589094853396280982e-01 -1.220061817320761272e-01 -8.509699329376105292e-02 6.809820931993454396e-02 -6.211068053503077807e-02 8.743360993199750242e-02 3.333658058973949095e-02 3.020203808615119084e-02 8.497341571966975787e-03 -8.239835318056530633e-02 7.897096976249967648e-02 3.419842571676791343e-02 -9.287517390918967677e-03 1.919173041244693137e-02
-1.349285553189520093e-01 3.745475208882859119e-02 -8.169696474552960719e-02 -8.106160672774904985e-02 -1.197939458842911670e-01 -1.374563941703586534e-01 9.874044888689297028e-02 -9.898348570857480599e-03 1.172547443748705315e-01 5.454598732501844682e-02 7.337167005153232002e-02 1.818532871658347649e-01 3.336651949305809856e-02 -3.591832363231968472e-02 4.456806131088052875e-02 -3.722986574908503099e-02 3.401982241521970401e-02 8.239752634183664104e-02 1.427253207795555479e-01 1.487360836833656608e-01 6.260398615182848070e-02
-6.472991238885683618e-02 8.963525212758891025e-02 3.809764793028347363e-02 -3.015312458495138931e-02 -1.517463036268903442e-01 -4.570526189417800124e-03 -9.748377208529337978e-02 9.616404420307798906e-02 8.903146104042081177e-02 -2.201140843860290019e-02 4.039369664890834349e-02 -7.000295989169890223e-03 -7.234081334817664410e-02 -3.562660546280419643e-02 -5.933059240128212009e-02 -4.779280866182175624e-02 4.982203024357109364e-03 6.524086185235124236e-02 2.948522521135938171e-02 -1.230925610187783015e-01 5.193125498874932855e-02
-5.154596539468968980e-02 -3.125848136352484680e-02 6.971330433439733298e-02 5.443929887902688308e-02 1.716910388476804716e-01 -1.066731085537172274e-01 7.946333042448411321e-02 -3.636824117088446884e-03 1.119695387864301089e-01 7.847535015183815243e-04 9.754970331898285552e-02 -2.201606398541534546e-02 -5.483255482533423708e-02 -5.082255091630182714e-02 1.276044457616722638e-01 -1.101769393285145227e-01 -1.358804651796771679e-01 3.847922853159910922e-02 1.008240720410280011e-01 8.976585499458958339e-02 9.772234799260715032e-02
-8.812428265488542189e-02 2.614199685386512165e-02 8.204224982048771708e-03 8.931008157733433261e-02 1.262900782112576226e-02 9.322828304955939338e-02 1.406993244664971332e-01 1.600958470463008099e-01 2.911824243032558046e-01 1.930799669719567291e-01 2.257235114025143985e-01 -1.893822813399356209e-01 1.546566856017302267e-02 -6.342919638285129946e-02 -1.049363652765564481e-01 -8.816451074791613329e-02 6.780020079205617209e-03 -1.294161304446344099e-02 1.211667528610629180e-01 -5.875187506196395681e-02 3.883934050241797525e-02
4.454504162748897100e-02 5.341753752570040786e-02 3.273691287439460529e-02 4.098056003543677772e-02 5.545648342238934658e-02 1.997142579698615861e-01 3.420988576108472401e-01 2.342412227708326744e-01 3.219511137291458658e-01 2.237556693424941345e-01 7.986890163544374532e-02 -6.559659029967110366e-02 -7.975552162581228330e-03 -2.197211534443054282e-01 1.598689251562928626e-01 -6.014366082124956991e-02 -9.724429893401633634e-03 5.368243075812138441e-04 8.093055855870955745e-03 2.296705821368024911e-02 -5.357633079559361022e-02
-4.511112172304145712e-02 1.225290923092527268e-01 1.849268691718090885e-02 1.937236189909846140e-01 2.576667667956727414e-01 4.555525855383605882e-01 6.720309455073588678e-01 6.237924991969923116e-01 4.786656497842012303e-01 6.995950498966880815e-01 3.045411320004043909e-01 7.914402546746683587e-02 -7.261600578183190213e-02 1.487503514269895022e-01 1.447633686717395840e-01 -1.981753644836046213e-01 -1.983444286050479732e-01 1.574276664502097245e-01 -9.451448218780580945e-02 -3.628603168279263130e-02 3.535208987134098174e-02
-1.429078320232197441e-01 1.252370789183190891e-01 -1.032361525218480902e-02 3.913375743025760967e-01 4.189500771471444951e-01 7.526837838103233036e-01 1.246309757777432026e+00 1.367321410789764435e+00 9.456864352450941036e-01 6.831553857345190606e-01 2.709217206415072687e-01 1.572709707354098541e-01 1.195862959647570473e-01 -3.237179798328319869e-02 -4.188784387793872965e-02 -7.422167783641094030e-02 1.541089015627638559e-01 1.080177384444497984e-01 -1.492169344113462555e-03 -2.515669377402252049e-01 -1.796441101697687434e-02
1.507445302788471692e-02 6.009133261809879167e-03 1.724761600427446862e-01 4.544411433367090414e-02 6.961690386359309368e-01 8.701734476426324916e-01 1.258703977402108265e+00 1.645717959303719224e+00 1.080111445035560447e+00 7.703959228775347778e-01 4.683568923879778967e-01 2.421419520449878404e-01 1.376846696445158391e-01 -1.736297752820973872e-01 6.252398042416632863e-03 -1.044300671051461848e-01 2.533634048875390773e-02 -2.496032984596903703e-01 -8.874585547298613486e-02 -2.055204923482509549e-01 -9.242187910956210783e-02
-1.748771177560502765e-01 -6.583694292698757944e-02 4.357106351003393885e-02 2.576513017276773065e-01 3.731639526530621809e-01 9.537548269630232722e-01 1.461265621055493513e+00 1.461211073815057437e+00 1.416907074486012164e+00 8.336153881933342502e-01 2.998120636503064373e-01 1.850169179028631483e-01 9.235343329374388899e-02 -9.500572069081611448e-02 -1.011619929441463957e-02 -1.190980296233604685e-01 5.459546399992077498e-02 2.375679396639508167e-01 6.677926805689739231e-02 -2.669625401489090014e-02 6.119265616942811542e-03
1.519012759721009298e-01 -1.788005439765032734e-01 1.136197310797692345e-01 -1.268556703124340546e-03 4.111897804790465849e-01 6.619665420518076049e-01 1.004430292707986672e+00 1.026564765635578746e+00 8.868383168225874025e-01 5.903330819940360019e-01 1.399684145707662530e-01 1.155156495610902140e-01 7.987411315483210206e-02 5.267860903955018381e-02 3.242706610806182083e-02 -2.321241080381959004e-02 4.750124930361200593e-02 2.396396499945995240e-01 1.420256014691663737e-01 -8.379071486077178596e-03 2.753407447112894701e-02
1.054104383997487154e-01 4.783103509930144992e-02 -1.841430087968728979e-01 -5.392971792847914281e-02 1.436276034554030412e-01 2.987537015292184295e-01 7.351980505293967960e-01 7.229181105730615453e-01 5.256172581234530572e-01 3.637670647879998054e-01 2.344642333967607017e-01 7.118578794011454214e-02 -5.838163765888856882e-02 -3.045192059078616342e-02 1.243293681904328873e-01 1.071855696951444781e-01 5.132524728701142597e-02 6.558283772340146867e-02 8.811204399619651517e-02 -1.127709155276416034e-02 -1.146460096128133765e-01
-3.485505125841176916e-02 2.671212480615261023e-02 7.327719989741157680e-02 -6.372643766607190285e-02 2.115391348439117358e-01 3.924828531414467636e-02 1.791454317874838220e-01 2.097260038797146842e-01 1.840172205560322849e-01 2.111822719558087424e-01 2.187988620793122341e-01 3.189533030782937262e-02 1.346938832695697141e-01 3.581070796934738253e-03 6.869751858168385295e-02 2.375771567343782156e-02 -3.403810702799694304e-02 -1.194772829657118618e-01 8.536696833841725396e-02 3.624088877285861626e-02 -3.981477389123615901e-02
-2.555353560295003587e-02 -5.106450028315036999e-02 9.258222422767668769e-02 3.158465366681847963e-02 1.401253698443644113e-02 1.541692515287798326e-01 1.741838605001726215e-02 1.362142470301926089e-01 1.540869821873067369e-01 8.267975898784982181e-02 -7.959770264342035107e-02 -1.620222877826665506e-02 7.407591746650217523e-02 1.275751520479896303e-02 -1.550302262293564159e-01 -2.974138324457398785e-01 -2.532643521969852110e-03 -5.963924124202444471e-02 7.144086738889926513e-02 -1.999221073664447183e-03 7.010227512786847137e-02
1.561053369551511638e-01 -5.744910083759418445e-02 7.938518448541537209e-02 2.116105990328091269e-01 8.983560546557348148e-02 2.790682264182305916e-01 6.697061709497251214e-02 -8.385917530552658428e-02 -8.428917423022957989e-02 -9.650704164119285056e-02 -9.843959174957882252e-02 -4.727686555480960229e-02 -4.218486759890098525e-02 -5.135129445625976653e-04 -1.538736013225339150e-01 1.627251030532232343e-02 -1.604411272369328859e-02 3.534408139077406530e-02 7.086122331862002022e-02 -1.903825648032118206e-02 -8.324199802760298694e-02
-1.794653653745838934e-02 -5.092381772693378023e-02 9.646963375511910521e-02 -8.604432585558068058e-02 3.185470186360492284e-02 7.464037744700068727e-03 1.617164594943788780e-01 2.064388873047150741e-01 6.749804773208395448e-02 -5.484245886213118953e-02 6.844871694374718429e-02 1.013864290811602176e-01 -1.114789409253020280e-01 -6.918389745535456770e-02 1.316291157677502155e-01 2.267701678793144007e-02 -2.134275747818728183e-02 1.732881021423841594e-01 6.540179473051392633e-02 -1.229683873821166284e-01 5.219269029999478587e-02
-5.492522869170717720e-02 1.513353293248692333e-01 1.243616829927680079e-01 6.983347449759545571e-03 -7.640388016620749956e-02 8.784485019572257913e-02 -7.537703653072483009e-03 7.554916331438793139e-03 -9.747693501963287932e-02 3.064104295520292051e-02 1.346724030152834650e-01 5.220292596309570460e-02 1.077748470674803477e-01 6.877933281360543161e-02 8.886872284911494224e-02 -1.964438868227124380e-01 -1.089565251394158107e-01 -2.454984889891457245e-01 -7.338542358219551920e-02 2.304000289705661619e-01 4.534648256433799346e-02
4.722188888350951907e-02 -1.429440412962540430e-01 -1.561810070411567275e-01 -3.302195307282219244e-02 1.856980623200019456e-02 -1.971444321052327059e-02 4.405952365121804798e-02 8.213823918550833270e-02 6.118547845467873017e-03 -8.299323871556829602e-02 -5.572765012417980890e-02 -8.432693141669508896e-02 1.221069886221473749e-01 -8.151929825040138411e-02 3.102823837353241299e-02 -7.166166770500354000e-02 2.052360398732192559e-01 1.366326561726577127e-01 -1.100573950484646513e-01 -1.243516474518016196e-01 -4.493987821123488630e-02
-9.523898064805307040e-02 -8.136047864193482471e-02 6.737508020302109511e-03 4.219286722847121612e-02 1.490089953949061963e-01 -9.583087014897165301e-02 1.406074337237835925e-01 -3.110760996756301022e-02 2.361917177232839005e-01 -2.341362784778151102e-02 1.685852041950442748e-01 -9.196928159702906502e-02 4.351133157910153787e-02 -1.187163140889546525e-01 3.039143487223924453e-02 -1.370350163456756087e-01 -1.998327922742434981e-01 2.032355203067944677e-02 -1.530684665226904675e-02 -8.406121468467456226e-02 -3.141158704490196879e-03
1.091045153314601640e-01 9.272085842810189049e-02 1.425447904869651429e-02 -1.506671530404847525e-02 3.876739164871383786e-02 -1.195550679432924035e-01 -1.407959499450278651e-01 -9.903096119722991364e-02 -1.198001503984934685e-01 9.029117851414306811e-03 1.140551463680193091e-02 1.690422287107521682e-01 -1.413834071776780277e-01 8.753198258838010282e-02 -5.765209791827819591e-02 1.326017889100075120e-01 3.682984993551868119e-02 3.431721232036145930e-02 -9.866235992276829389e-03 5.862504143498113024e-02 -1.469343661565780147e-02
3.700319179514396494e-03 -1.451210673812964591e-01 4.127784083095594608e-02 -2.951064159094492212e-02 -1.350896542370258469e-01 1.228043793192563340e-03 -1.537059208971085222e-01 8.156553968734697735e-02 -2.121871053044174522e-03 9.165012478083765790e-02 -1.847126997945096605e-01 -1.626609400289296403e-01 -5.694793718606564609e-02 1.683089119778843901e-02 2.275973650864715134e-02 -2.314159050708143595e-02 -1.493993199763056778e-01 1.621514890926820662e-01 -1.692543141154788724e-02 6.636986838623527840e-02 -7.941603081311744694e-02
